@New plot: title="linear"
#y=x
0.0 0.0
0.2 0.2
0.4 0.4
0.6000000000000001 0.6000000000000001
0.8 0.8
1.0 1.0
1.2000000000000002 1.2000000000000002
1.4000000000000001 1.4000000000000001
1.6 1.6
1.8 1.8
2.0 2.0
2.2 2.2
2.4000000000000004 2.4000000000000004
2.6 2.6
2.8000000000000003 2.8000000000000003
3.0 3.0
3.2 3.2
3.4000000000000004 3.4000000000000004
3.6 3.6
3.8000000000000003 3.8000000000000003
4.0 4.0
4.2 4.2
4.4 4.4
4.6000000000000005 4.6000000000000005
4.800000000000001 4.800000000000001
5.0 5.0
5.2 5.2
5.4 5.4
5.6000000000000005 5.6000000000000005
5.800000000000001 5.800000000000001
6.0 6.0
6.2 6.2
6.4 6.4
6.6000000000000005 6.6000000000000005
6.800000000000001 6.800000000000001
7.0 7.0
7.2 7.2
7.4 7.4
7.6000000000000005 7.6000000000000005
7.800000000000001 7.800000000000001
8.0 8.0
8.200000000000001 8.200000000000001
8.4 8.4
8.6 8.6
8.8 8.8
9.0 9.0
9.200000000000001 9.200000000000001
9.4 9.4
9.600000000000001 9.600000000000001
9.8 9.8
@New plot: title="quadratic"
#y=x^2
0.0 0.0
0.2 0.04000000000000001
0.4 0.16000000000000003
0.6000000000000001 0.3600000000000001
0.8 0.6400000000000001
1.0 1.0
1.2000000000000002 1.4400000000000004
1.4000000000000001 1.9600000000000004
1.6 2.5600000000000005
1.8 3.24
2.0 4.0
2.2 4.840000000000001
2.4000000000000004 5.760000000000002
2.6 6.760000000000001
2.8000000000000003 7.840000000000002
3.0 9.0
3.2 10.240000000000002
3.4000000000000004 11.560000000000002
3.6 12.96
3.8000000000000003 14.440000000000001
4.0 16.0
4.2 17.64
4.4 19.360000000000003
4.6000000000000005 21.160000000000004
4.800000000000001 23.040000000000006
5.0 25.0
5.2 27.040000000000003
5.4 29.160000000000004
5.6000000000000005 31.360000000000007
5.800000000000001 33.64000000000001
6.0 36.0
6.2 38.440000000000005
6.4 40.96000000000001
6.6000000000000005 43.56000000000001
6.800000000000001 46.24000000000001
7.0 49.0
7.2 51.84
7.4 54.760000000000005
7.6000000000000005 57.760000000000005
7.800000000000001 60.84000000000001
8.0 64.0
8.200000000000001 67.24000000000002
8.4 70.56
8.6 73.96
8.8 77.44000000000001
9.0 81.0
9.200000000000001 84.64000000000001
9.4 88.36000000000001
9.600000000000001 92.16000000000003
9.8 96.04000000000002
@New plot: title="exponential (log y)" logy=true
#y=exp(x)
0.0 1.0
0.2 1.2214027581601699
0.4 1.4918246976412703
0.6000000000000001 1.822118800390509
0.8 2.225540928492468
1.0 2.718281828459045
1.2000000000000002 3.320116922736548
1.4000000000000001 4.055199966844675
1.6 4.953032424395115
1.8 6.0496474644129465
2.0 7.38905609893065
2.2 9.025013499434122
2.4000000000000004 11.023176380641605
2.6 13.463738035001692
2.8000000000000003 16.444646771097055
3.0 20.085536923187668
3.2 24.532530197109352
3.4000000000000004 29.964100047397025
3.6 36.59823444367799
3.8000000000000003 44.701184493300836
4.0 54.598150033144236
4.2 66.68633104092515
4.4 81.45086866496814
4.6000000000000005 99.48431564193386
4.800000000000001 121.51041751873497
5.0 148.4131591025766
5.2 181.27224187515122
5.4 221.40641620418717
5.6000000000000005 270.42640742615276
5.800000000000001 330.2995599096489
6.0 403.4287934927351
6.2 492.7490410932563
6.4 601.8450378720822
6.6000000000000005 735.0951892419732
6.800000000000001 897.8472916504184
7.0 1096.6331584284585
7.2 1339.430764394418
7.4 1635.984429995927
7.6000000000000005 1998.195895104119
7.800000000000001 2440.6019776245007
8.0 2980.9579870417283
8.200000000000001 3640.9503073323585
8.4 4447.066747699858
8.6 5431.659591362978
8.8 6634.24400627789
9.0 8103.083927575384
9.200000000000001 9897.129058743927
9.4 12088.380730216988
9.600000000000001 14764.781565577294
9.8 18033.744927828524
@New plot: title="damped sine"
#y=exp(-0.3x)*sin(2x)
0.0 0.0
0.1 0.19279776472313825
0.2 0.36674038351345756
0.30000000000000004 0.5160443649644028
0.4 0.6362377774223177
0.5 0.7242607885544051
0.6000000000000001 0.7785044843794139
0.7000000000000001 0.7987900263242205
0.8 0.7862924453391273
0.9 0.743415312020939
1.0 0.673624101811466
1.1 0.5812472531002659
1.2000000000000002 0.47125467020318024
1.3 0.34902374760495675
1.4000000000000001 0.22010289873566585
1.5 0.08998208989606289
1.6 -0.03612095046389615
1.7000000000000002 -0.15345130197192658
1.8 -0.2578780149698385
1.9000000000000001 -0.3460212021971548
2.0 -0.41534201564998585
2.1 -0.4641941103437305
2.2 -0.49183680179486494
2.3000000000000003 -0.49841162746877654
2.4000000000000004 -0.4848853706583281
2.5 -0.45296375396230465
2.6 -0.4049809248977049
2.7 -0.3437705155799185
2.8000000000000003 -0.27252445065917497
2.9000000000000004 -0.19464580284922284
3.0 -0.11360186402898728
3.1 -0.03278323217420377
3.2 0.04462586140331004
3.3000000000000003 0.11576150897079754
3.4000000000000004 0.1781747742925459
3.5 0.22990441155184688
3.6 0.2695260554113491
3.7 0.29617730636554124
3.8000000000000003 0.30955912270586766
3.9000000000000004 0.3099148438249209
4.0 0.2979889773905676
4.1000000000000005 0.2749685593150805
4.2 0.24241042132154794
4.3 0.20215806423064875
4.4 0.1562520309481583
4.5 0.10683770353106299
4.6000000000000005 0.056074322080953275
4.7 0.0060487537117059976
4.800000000000001 -0.04130285355342956
4.9 -0.08426289160405773
5.0 -0.12138751759687177
5.1000000000000005 -0.15154783251564996
5.2 -0.17395620184966057
5.300000000000001 -0.18817754234568845
5.4 -0.194126003814144
5.5 -0.19204802778971167
5.6000000000000005 -0.1824932466311714
5.7 -0.16627508246987185
5.800000000000001 -0.14442320462802824
5.9 -0.11813020051548272
6.0 -0.08869490679528443
6.1000000000000005 -0.05746483724514874
6.2 -0.02578003759196165
6.300000000000001 0.005079494562288101
6.4 0.03394095216146531
6.5 0.059778875075766805
6.6000000000000005 0.08174713860760617
6.7 0.0992019842514656
6.800000000000001 0.1117157032217591
6.9 0.11908097574046424
7.0 0.12130623857952502
7.1000000000000005 0.11860278660139106
7.2 0.11136459996189174
7.300000000000001 0.10014211867745378
7.4 0.08561135456706381
7.5 0.0685398340945697
7.6000000000000005 0.04975090403688826
7.7 0.030087907461281566
7.800000000000001 0.010379654836715007
7.9 -0.008591519109212423
8.0 -0.02611799963308833
8.1 -0.04159053532479367
8.200000000000001 -0.054516613118317125
8.3 -0.06453314481499485
8.4 -0.07141329448581692
8.5 -0.07506751785528593
8.6 -0.07553910961461086
8.700000000000001 -0.07299475465502686
8.8 -0.06771074798302903
8.9 -0.06005568072249138
9.0 -0.050470482980303495
9.1 -0.03944676704530658
9.200000000000001 -0.02750442668923745
9.3 -0.015169422108895873
9.4 -0.0029526185722465632
9.5 0.008669545407569253
9.600000000000001 0.01927190210672251
9.700000000000001 0.028494389326551937
9.8 0.03605250374794549
9.9 0.041744156264259515
