@New plot: title="sin, cos, and a damped sine"
#sin
0.0 0.0
0.05 0.04997916927067833
0.1 0.09983341664682815
0.15000000000000002 0.14943813247359924
0.2 0.19866933079506122
0.25 0.24740395925452294
0.30000000000000004 0.2955202066613396
0.35000000000000003 0.3428978074554514
0.4 0.3894183423086505
0.45 0.43496553411123023
0.5 0.479425538604203
0.55 0.5226872289306592
0.6000000000000001 0.5646424733950355
0.65 0.6051864057360395
0.7000000000000001 0.6442176872376911
0.75 0.6816387600233341
0.8 0.7173560908995228
0.8500000000000001 0.7512804051402927
0.9 0.7833269096274834
0.9500000000000001 0.8134155047893737
1.0 0.8414709848078965
1.05 0.867423225594017
1.1 0.8912073600614354
1.1500000000000001 0.9127639402605211
1.2000000000000002 0.9320390859672264
1.25 0.9489846193555862
1.3 0.963558185417193
1.35 0.9757233578266591
1.4000000000000001 0.9854497299884603
1.4500000000000002 0.9927129910375885
1.5 0.9974949866040544
1.55 0.999783764189357
1.6 0.9995736030415051
1.6500000000000001 0.9968650284539189
1.7000000000000002 0.9916648104524686
1.75 0.9839859468739369
1.8 0.9738476308781951
1.85 0.9612752029752999
1.9000000000000001 0.9463000876874145
1.9500000000000002 0.9289597150038692
2.0 0.9092974268256817
2.0500000000000003 0.8873623686333753
2.1 0.8632093666488737
2.15 0.8368987907984978
2.2 0.8084964038195901
2.25 0.7780731968879212
2.3000000000000003 0.74570521217672
2.35 0.7114733527908443
2.4000000000000004 0.6754631805511506
2.45 0.6377647021345036
2.5 0.5984721441039564
2.5500000000000003 0.5576837173914166
2.6 0.5155013718214642
2.6500000000000004 0.47203054128988226
2.7 0.4273798802338298
2.75 0.3816609920523317
2.8000000000000003 0.33498815015590466
2.85 0.2874780123425444
2.9000000000000004 0.23924932921398198
2.95 0.19042264736102704
3.0 0.1411200080598672
3.0500000000000003 0.09146464223243675
3.1 0.04158066243329049
3.1500000000000004 -0.008407247367149063
3.2 -0.058374143427580086
3.25 -0.10819513453010837
3.3000000000000003 -0.15774569414324865
3.35 -0.20690197167339977
3.4000000000000004 -0.25554110202683167
3.45 -0.30354151270842933
3.5 -0.35078322768961984
3.5500000000000003 -0.3971481672859602
3.6 -0.44252044329485246
3.6500000000000004 -0.48678664865569976
3.7 -0.5298361409084934
3.75 -0.5715613187423437
3.8000000000000003 -0.6118578909427193
3.85 -0.6506251370651673
3.9000000000000004 -0.6877661591839741
3.95 -0.7231881240865121
4.0 -0.7568024953079283
4.05 -0.788525254426195
4.1000000000000005 -0.8182771110644108
4.15 -0.8459837010754465
4.2 -0.8715757724135882
4.25 -0.8949893582285835
4.3 -0.9161659367494549
4.3500000000000005 -0.9350525775584494
4.4 -0.9516020738895161
4.45 -0.9657730606206388
4.5 -0.977530117665097
4.55 -0.9868438585032365
4.6000000000000005 -0.9936910036334645
4.65 -0.9980544387588794
4.7 -0.9999232575641008
4.75 -0.999292788975378
4.800000000000001 -0.9961646088358406
4.8500000000000005 -0.9905465359667132
4.9 -0.9824526126243325
4.95 -0.9719030694018208
5.0 -0.9589242746631385
5.050000000000001 -0.9435486686359064
5.1000000000000005 -0.9258146823277321
5.15 -0.9057666414687044
5.2 -0.8834546557201531
5.25 -0.858934493426592
5.300000000000001 -0.8322674422239008
5.3500000000000005 -0.8035201558521553
5.4 -0.7727644875559871
5.45 -0.7400773104888944
5.5 -0.7055403255703919
5.550000000000001 -0.6692398572762613
5.6000000000000005 -0.631266637872321
5.65 -0.5917155806310094
5.7 -0.5506855425976376
5.75 -0.5082790774992584
5.800000000000001 -0.4646021794137566
5.8500000000000005 -0.4197640178398589
5.9 -0.373876664830236
5.95 -0.32705481486974064
6.0 -0.27941549819892586
6.050000000000001 -0.23107778829939138
6.1000000000000005 -0.18216250427209502
6.15 -0.13279190885251674
6.2 -0.0830894028174964
6.25 -0.03317921654755682
6.300000000000001 0.0168139004843506
6.3500000000000005 0.06676499152155635
6.4 0.11654920485049364
6.45 0.16604210586495724
6.5 0.21511998808781552
6.550000000000001 0.2636601823727792
6.6000000000000005 0.3115413635133787
6.65 0.35864385349280037
6.7 0.4048499206165983
6.75 0.4500440737806176
6.800000000000001 0.49411335113860894
6.8500000000000005 0.5369476024480118
6.9 0.5784397643882002
6.95 0.618486128163024
7.0 0.6569865987187891
7.050000000000001 0.6938449449297643
7.1000000000000005 0.7289690401258765
7.15 0.7622710923614112
7.2 0.7936678638491531
7.25 0.8230808790115055
7.300000000000001 0.850436620628565
7.3500000000000005 0.8756667135928827
7.4 0.8987080958116269
7.45 0.9195031758289707
7.5 0.9379999767747389
7.550000000000001 0.9541522662795151
7.6000000000000005 0.9679196720314865
7.65 0.9792677826862
7.7 0.9881682338770004
7.75 0.9945987791111761
7.800000000000001 0.998543345374605
7.8500000000000005 0.9999920733059188
7.9 0.998941341839772
7.95 0.9953937772576199
8.0 0.9893582466233818
8.05 0.9808498356203995
8.1 0.9698898108450863
8.15 0.9565055666515091
8.200000000000001 0.9407305566797726
8.25 0.9226042102393402
8.3 0.9021718337562934
8.35 0.8794844975308649
8.4 0.8545989080882804
8.450000000000001 0.827577266441983
8.5 0.7984871126234903
8.55 0.7674011568674873
8.6 0.7343970978741134
8.65 0.699557428602668
8.700000000000001 0.662969230082182
8.75 0.6247239537541924
8.8 0.5849171928917617
8.85 0.5436484436660884
8.9 0.5010208564578846
8.950000000000001 0.45714097803515424
9.0 0.4121184852417566
9.05 0.366065910862411
9.1 0.3190983623493521
9.15 0.27133323411363275
9.200000000000001 0.22288991410024592
9.25 0.17388948538043356
9.3 0.1244544235070617
9.35 0.07470829038953478
9.4 0.024775425453357765
9.450000000000001 -0.025219365143660497
9.5 -0.0751511204618093
9.55 -0.12489503711675232
9.600000000000001 -0.1743267812229814
9.65 -0.2233227991637839
9.700000000000001 -0.2717606264109442
9.75 -0.31951919362227366
9.8 -0.36647912925192844
9.850000000000001 -0.4125230579170943
9.9 -0.4575358937753214
9.950000000000001 -0.5014051281791989
#cos
0.0 1.0
0.05 0.9987502603949663
0.1 0.9950041652780258
0.15000000000000002 0.9887710779360422
0.2 0.9800665778412416
0.25 0.9689124217106447
0.30000000000000004 0.955336489125606
0.35000000000000003 0.9393727128473789
0.4 0.9210609940028851
0.45 0.9004471023526769
0.5 0.8775825618903728
0.55 0.8525245220595057
0.6000000000000001 0.8253356149096782
0.65 0.7960837985490559
0.7000000000000001 0.7648421872844884
0.75 0.7316888688738209
0.8 0.6967067093471654
0.8500000000000001 0.6599831458849821
0.9 0.6216099682706644
0.9500000000000001 0.5816830894638835
1.0 0.5403023058681398
1.05 0.49757104789172696
1.1 0.4535961214255773
1.1500000000000001 0.40848744088415717
1.2000000000000002 0.3623577544766734
1.25 0.3153223623952687
1.3 0.26749882862458735
1.35 0.2190066870930415
1.4000000000000001 0.16996714290024081
1.4500000000000002 0.1205027693673664
1.5 0.0707372016677029
1.55 0.020794827803092428
1.6 -0.029199522301288815
1.6500000000000001 -0.07912088880673408
1.7000000000000002 -0.12884449429552486
1.75 -0.17824605564949209
1.8 -0.2272020946930871
1.85 -0.27559024682451294
1.9000000000000001 -0.3232895668635035
1.9500000000000002 -0.3701808313512871
2.0 -0.4161468365471424
2.0500000000000003 -0.46107269137671314
2.1 -0.5048461045998576
2.15 -0.547357665480271
2.2 -0.5885011172553458
2.25 -0.6281736227227391
2.3000000000000003 -0.6662760212798244
2.35 -0.702713076773554
2.4000000000000004 -0.7373937155412458
2.45 -0.7702312540473074
2.5 -0.8011436155469337
2.5500000000000003 -0.8300535352352224
2.6 -0.8568887533689473
2.6500000000000004 -0.8815821958782861
2.7 -0.9040721420170612
2.75 -0.9243023786324636
2.8000000000000003 -0.9422223406686583
2.85 -0.9577872375530904
2.9000000000000004 -0.9709581651495907
2.95 -0.9817022029984541
3.0 -0.9899924966004454
3.0500000000000003 -0.9958083245390612
3.1 -0.9991351502732795
3.1500000000000004 -0.999964658471342
3.2 -0.9982947757947531
3.25 -0.9941296760805463
3.3000000000000003 -0.9874797699088649
3.35 -0.9783616785819341
3.4000000000000004 -0.9667981925794609
3.45 -0.9528182145943047
3.5 -0.9364566872907963
3.5500000000000003 -0.9177545059662758
3.6 -0.896758416334147
3.6500000000000004 -0.8735208976839377
3.7 -0.848100031710408
3.75 -0.8205593573395608
3.8000000000000003 -0.7909677119144165
3.85 -0.7593990591375079
3.9000000000000004 -0.7259323042001399
3.95 -0.6906510965605075
4.0 -0.6536436208636119
4.05 -0.6150023765255744
4.1000000000000005 -0.5748239465332685
4.15 -0.5332087560371543
4.2 -0.4902608213406994
4.25 -0.4460874899137928
4.3 -0.40079917207997545
4.3500000000000005 -0.3545090650481311
4.4 -0.30733286997841935
4.45 -0.2593885027896261
4.5 -0.2107957994307797
4.55 -0.1616762163536865
4.6000000000000005 -0.112152526935054
4.65 -0.06234851460699166
4.7 -0.01238866346289056
4.75 0.03760215288797655
4.800000000000001 0.08749898343944727
4.8500000000000005 0.1371771121009082
4.9 0.18651236942257576
4.95 0.23538144295445118
5.0 0.28366218546322625
5.050000000000001 0.3312339202367545
5.1000000000000005 0.37797774271298107
5.15 0.4237768176794282
5.2 0.4685166713003771
5.25 0.5120854772418407
5.300000000000001 0.5543743361791615
5.3500000000000005 0.5952775479886068
5.4 0.6346928759426347
5.45 0.6725218022484659
5.5 0.70866977429126
5.550000000000001 0.7430464409664105
5.6000000000000005 0.7755658785102502
5.65 0.8061468052647157
5.7 0.8347127848391598
5.75 0.8611924171615208
5.800000000000001 0.8855195169413194
5.8500000000000005 0.9076332790984135
5.9 0.9274784307440359
5.95 0.9450053693342275
6.0 0.960170286650366
6.050000000000001 0.9729352782968976
6.1000000000000005 0.9832684384425847
6.15 0.991143939568469
6.2 0.9965420970232175
6.25 0.9994494182244994
6.300000000000001 0.9998586363834151
6.3500000000000005 0.9977687286676841
6.4 0.9931849187581926
6.45 0.9861186637925126
6.5 0.9765876257280235
6.550000000000001 0.9646156271962179
6.6000000000000005 0.9502325919585293
6.65 0.9334744701125118
6.7 0.9143831482353194
6.75 0.8930063446890767
6.800000000000001 0.8693974903498248
6.8500000000000005 0.8436155950581591
6.9 0.8157251001253569
6.95 0.785795717263661
7.0 0.7539022543433046
7.050000000000001 0.7201244284117936
7.1000000000000005 0.6845466664428059
7.15 0.6472578943127236
7.2 0.6083513145322546
7.25 0.5679241732886948
7.300000000000001 0.5260775173811045
7.3500000000000005 0.48291594165593704
7.4 0.43854732757439036
7.45 0.39308257356494075
7.5 0.3466353178350258
7.550000000000001 0.2993216543347062
7.6000000000000005 0.25125984258225487
7.65 0.20257001207694433
7.7 0.15337386203786435
7.75 0.10379435721925297
7.800000000000001 0.05395542056264886
7.8500000000000005 0.003981623454078851
7.9 -0.04600212563953695
7.95 -0.09587089337649782
8.0 -0.14550003380861354
8.05 -0.19476549993116135
8.1 -0.2435441537357911
8.15 -0.2917140739914265
8.200000000000001 -0.33915486098383624
8.25 -0.3857479374522218
8.3 -0.43137684497062084
8.35 -0.47592753503330965
8.4 -0.5192886541166856
8.450000000000001 -0.5613518220050729
8.5 -0.6020119026848236
8.55 -0.6411672671296018
8.6 -0.6787200473200125
8.65 -0.7145763808626919
8.700000000000001 -0.7486466455973999
8.75 -0.7808456836057491
8.8 -0.811093014061656
8.85 -0.8393130343914837
8.9 -0.8654352092411123
8.950000000000001 -0.8893942467775822
9.0 -0.9111302618846769
9.05 -0.9305889258445285
9.1 -0.9477216021311119
9.15 -0.9624854679762374
9.200000000000001 -0.974843621404164
9.25 -0.9847651734673236
9.3 -0.9922253254526034
9.35 -0.997205430865212
9.4 -0.9996930420352065
9.450000000000001 -0.9996819412301848
9.5 -0.9971721561963784
9.55 -0.9921699600893009
9.600000000000001 -0.9846878557941267
9.65 -0.9747445446749893
9.700000000000001 -0.9623648798313097
9.75 -0.9475798039779932
9.8 -0.9304262721047533
9.850000000000001 -0.9109471591078868
9.9 -0.8891911526253609
9.950000000000001 -0.8652126313430711
#damped sin(3x)
0.0 0.0
0.05 0.1479511982112731
0.1 0.2896685145047832
0.15000000000000002 0.4221103598257847
0.2 0.5425025253347967
0.25 0.6483948454143764
0.30000000000000004 0.7377095016893178
0.35000000000000003 0.8087800547867446
0.4 0.8603805157276055
0.45 0.8917440049153412
0.5 0.9025707881826267
0.55 0.8930257207723654
0.6000000000000001 0.863725366074458
0.65 0.8157152812541644
0.7000000000000001 0.7504381717695857
0.75 0.6696938068039783
0.8 0.5755917539820256
0.8500000000000001 0.47049813115181893
0.9 0.3569776829158351
0.9500000000000001 0.2377325681145497
1.0 0.11553929047322595
1.05 -0.0068147822677853635
1.1 -0.1265938848475967
1.1500000000000001 -0.24117393160153988
1.2000000000000002 -0.3480989097872531
1.25 -0.44513240260986214
1.3 -0.5303031877008312
1.35 -0.6019440099957076
1.4000000000000001 -0.6587227982369056
1.4500000000000002 -0.6996657775574183
1.5 -0.7241721224314475
1.55 -0.7320199902538415
1.6 -0.7233639714730355
1.6500000000000001 -0.6987241831883054
1.7000000000000002 -0.6589674152587728
1.75 -0.6052809073662959
1.8 -0.5391394885962241
1.85 -0.46226694485155717
1.9000000000000001 -0.37659259119369126
1.9500000000000002 -0.2842041139454467
2.0 -0.18729780961577508
2.0500000000000003 -0.08812738352605204
2.1 0.011047519841929405
2.15 0.10801189997216584
2.2 0.20064398477651835
2.25 0.2869607709130682
2.3000000000000003 0.3651595631691504
2.35 0.4336546644175883
2.4000000000000004 0.4911084927601137
2.45 0.5364565412557255
2.5 0.5689257447236172
2.5500000000000003 0.5880459739763538
2.6 0.5936545368641012
2.6500000000000004 0.5858937240807446
2.7 0.5652015922653132
2.75 0.532296324153826
2.8000000000000003 0.48815464225532607
2.85 0.43398487589601803
2.9000000000000004 0.3711953890061359
2.95 0.30135916562756254
3.0 0.2261754201501203
3.0500000000000003 0.14742914856443703
3.1 0.06694956485967575
3.1500000000000004 -0.01343162710211271
3.2 -0.09192119104668806
3.25 -0.16680364562459332
3.3000000000000003 -0.2364780372756272
3.35 -0.29949142714794635
3.4000000000000004 -0.35456840926144767
3.45 -0.4006360792613706
3.5 -0.4368439862095467
3.5500000000000003 -0.46257872116465837
3.6 -0.4774729229377345
3.6500000000000004 -0.4814086104411694
3.7 -0.4745148795495841
3.75 -0.45716012749957907
3.8000000000000003 -0.4299390868458865
3.85 -0.3936550613273151
3.9000000000000004 -0.3492978553843825
3.95 -0.29801797550875225
4.0 -0.2410977534184903
4.05 -0.17992009692848293
4.1000000000000005 -0.1159356133898177
4.15 -0.050628872168498214
4.2 0.014515423315118353
4.25 0.07804559670226252
4.3 0.13857476557134238
4.3500000000000005 0.19481053221893685
4.4 0.24558197635981013
4.45 0.2898634003330287
4.5 0.32679436080788504
4.55 0.35569561314595893
4.6000000000000005 0.3760806932624733
4.65 0.3876629647080147
4.7 0.39035806338004597
4.75 0.3842817763985421
4.800000000000001 0.36974349292726244
4.8500000000000005 0.347235460887376
4.9 0.31741817254634336
4.95 0.28110228202482035
5.0 0.23922752723758436
5.050000000000001 0.19283918632919084
5.1000000000000005 0.1430626432322658
5.15 0.09107666782761625
5.2 0.03808603290339636
5.25 -0.014705907398284408
5.300000000000001 -0.06612406446844057
5.3500000000000005 -0.11504729924910558
5.4 -0.16043239279721444
5.45 -0.20133580197913648
5.5 -0.23693275827481858
5.550000000000001 -0.2665333357604127
5.6000000000000005 -0.2895951894311537
5.65 -0.305732745306232
5.7 -0.31472270732886726
5.75 -0.31650583100619
5.800000000000001 -0.3111849981010317
5.8500000000000005 -0.29901970861837024
5.9 -0.28041718404136484
5.95 -0.25592034761364263
6.0 -0.22619301194750938
6.050000000000001 -0.19200266006767613
6.1000000000000005 -0.15420125210134636
6.15 -0.11370452536116388
6.2 -0.07147027995319565
6.25 -0.028476154953874552
6.300000000000001 0.01430259842334388
6.3500000000000005 0.055914850211458804
6.4 0.09545435601436512
6.45 0.1320791077231186
6.5 0.16502886644826525
6.550000000000001 0.1936405220929181
6.6000000000000005 0.2173609795706426
6.65 0.23575733285093192
6.7 0.24852415331593644
6.75 0.25548778679521295
6.800000000000001 0.25660762254326636
6.8500000000000005 0.2519743657788727
6.9 0.24180541169968495
6.95 0.22643748168069797
7.0 0.2063167403276175
7.050000000000001 0.18198666398725968
7.1000000000000005 0.15407397617641166
7.15 0.12327300231628675
7.2 0.09032882448426191
7.25 0.05601963615563952
7.300000000000001 0.021138706855153493
7.3500000000000005 -0.013523632766997461
7.4 -0.047197583504697264
7.45 -0.0791506632724693
7.5 -0.1087033269855467
7.550000000000001 -0.13524309488286937
7.6000000000000005 -0.15823690329446907
7.65 -0.1772414372166938
7.7 -0.1919112538967006
7.75 -0.20200455973999434
7.800000000000001 -0.2073865579903832
7.8500000000000005 -0.20803034051924327
7.9 -0.2040153524373068
7.95 -0.19552351188073064
8.0 -0.1828331180604409
8.05 -0.1663107274239878
8.1 -0.14640121959683272
8.15 -0.12361631080904
8.200000000000001 -0.09852180208337263
8.25 -0.07172387202936156
8.3 -0.04385473928982958
8.35 -0.015558027327759067
8.4 0.01252583569851845
8.450000000000001 0.039773856596284844
8.5 0.06559404545334407
8.55 0.08943802287390272
8.6 0.11081240360375863
8.65 0.1292887265389682
8.700000000000001 0.14451173813074222
8.75 0.15620587679502412
8.8 0.1641798491303631
8.85 0.16832923352636503
8.9 0.16863709207559624
8.950000000000001 0.16517261656110283
9.0 0.158087877687152
9.05 0.1476127877121904
9.1 0.1340484243625176
9.15 0.1177588975751253
9.200000000000001 0.09916196956684353
9.25 0.07871866240122523
9.3 0.05692210520034565
9.35 0.0342858851371236
9.4 0.011332172195799257
9.450000000000001 -0.011420112605352866
9.5 -0.03346682214601589
9.55 -0.05432954997563125
9.600000000000001 -0.07356580505213858
9.65 -0.09077818289454306
9.700000000000001 -0.10562234819871234
9.75 -0.11781367417213008
9.8 -0.12713241690749935
9.850000000000001 -0.13342733824206024
9.9 -0.13661772691393362
9.950000000000001 -0.13669380459205743
